4606704589736833
4603032551819284
4598821097311027
4597238213649846
4593725944632732
4591770636132833
4588545744834688
4582851548546663
4580344374503189
4579834834194267
4538497644632699
4604210166111777
4603024750413393
4593961458477435
4582425885158533
4579469140694150
4578951660569251
4558912080849168
4552638382742447
4546487784835621
4606605599703329
4605560731210564
4604806700732046
4603704479321362
4602274037635208
4601979348975848
4601211833821131
4600110657054435
4599790844786636
4599727837938766
